c1	f1
10	10
10	10.1
10	10.2
10	10.3
10	10.4
10	10.5
10	10.6
10	10.7
10	10.8
10	10.9
10	11
10	11.1
10	11.2
10	11.3
10	11.4
10	11.5
10.1	10
10.1	10.1
10.1	10.2
10.1	10.3
10.1	10.4
10.1	10.5
10.1	10.6
10.1	10.7
10.1	10.8
10.1	10.9
10.1	11
10.1	11.1
10.1	11.2
10.1	11.3
10.1	11.4
10.1	11.5
10.2	10
10.2	10.1
10.2	10.2
10.2	10.3
10.2	10.4
10.2	10.5
10.2	10.6
10.2	10.7
10.2	10.8
10.2	10.9
10.2	11
10.2	11.1
10.2	11.2
10.2	11.3
10.2	11.4
10.2	11.5
10.3	10
10.3	10.1
10.3	10.2
10.3	10.3
10.3	10.4
10.3	10.5
10.3	10.6
10.3	10.7
10.3	10.8
10.3	10.9
10.3	11
10.3	11.1
10.3	11.2
10.3	11.3
10.3	11.4
10.3	11.5
10.4	10
10.4	10.1
10.4	10.2
10.4	10.3
10.4	10.4
10.4	10.5
10.4	10.6
10.4	10.7
10.4	10.8
10.4	10.9
10.4	11
10.4	11.1
10.4	11.2
10.4	11.3
10.4	11.4
10.4	11.5
10.5	10
10.5	10.1
10.5	10.2
10.5	10.3
10.5	10.4
10.5	10.5
10.5	10.6
10.5	10.7
10.5	10.8
10.5	10.9
10.5	11
10.5	11.1
10.5	11.2
10.5	11.3
10.5	11.4
10.5	11.5
10.6	10
10.6	10.1
10.6	10.2
10.6	10.3
10.6	10.4
10.6	10.5
10.6	10.6
10.6	10.7
10.6	10.8
10.6	10.9
10.6	11
10.6	11.1
10.6	11.2
10.6	11.3
10.6	11.4
10.6	11.5
10.7	10
10.7	10.1
10.7	10.2
10.7	10.3
10.7	10.4
10.7	10.5
10.7	10.6
10.7	10.7
10.7	10.8
10.7	10.9
10.7	11
10.7	11.1
10.7	11.2
10.7	11.3
10.7	11.4
10.7	11.5
10.8	10
10.8	10.1
10.8	10.2
10.8	10.3
10.8	10.4
10.8	10.5
10.8	10.6
10.8	10.7
10.8	10.8
10.8	10.9
10.8	11
10.8	11.1
10.8	11.2
10.8	11.3
10.8	11.4
10.8	11.5
10.9	10
10.9	10.1
10.9	10.2
10.9	10.3
10.9	10.4
10.9	10.5
10.9	10.6
10.9	10.7
10.9	10.8
10.9	10.9
10.9	11
10.9	11.1
10.9	11.2
10.9	11.3
10.9	11.4
10.9	11.5
11	10
11	10.1
11	10.2
11	10.3
11	10.4
11	10.5
11	10.6
11	10.7
11	10.8
11	10.9
11	11
11	11.1
11	11.2
11	11.3
11	11.4
11	11.5
11.1	10
11.1	10.1
11.1	10.2
11.1	10.3
11.1	10.4
11.1	10.5
11.1	10.6
11.1	10.7
11.1	10.8
11.1	10.9
11.1	11
11.1	11.1
11.1	11.2
11.1	11.3
11.1	11.4
11.1	11.5
11.2	10
11.2	10.1
11.2	10.2
11.2	10.3
11.2	10.4
11.2	10.5
11.2	10.6
11.2	10.7
11.2	10.8
11.2	10.9
11.2	11
11.2	11.1
11.2	11.2
11.2	11.3
11.2	11.4
11.2	11.5
11.3	10
11.3	10.1
11.3	10.2
11.3	10.3
11.3	10.4
11.3	10.5
11.3	10.6
11.3	10.7
11.3	10.8
11.3	10.9
11.3	11
11.3	11.1
11.3	11.2
11.3	11.3
11.3	11.4
11.3	11.5
11.4	10
11.4	10.1
11.4	10.2
11.4	10.3
11.4	10.4
11.4	10.5
11.4	10.6
11.4	10.7
11.4	10.8
11.4	10.9
11.4	11
11.4	11.1
11.4	11.2
11.4	11.3
11.4	11.4
11.4	11.5
11.5	10
11.5	10.1
11.5	10.2
11.5	10.3
11.5	10.4
11.5	10.5
11.5	10.6
11.5	10.7
11.5	10.8
11.5	10.9
11.5	11
11.5	11.1
11.5	11.2
11.5	11.3
11.5	11.4
11.5	11.5
11.6	10
11.6	10.1
11.6	10.2
11.6	10.3
11.6	10.4
11.6	10.5
11.6	10.6
11.6	10.7
11.6	10.8
11.6	10.9
11.6	11
11.6	11.1
11.6	11.2
11.6	11.3
11.6	11.4
11.6	11.5
